image_width: 640
image_height: 480
camera_name: narrow_stereo
camera_matrix:
  rows: 3
  cols: 3
  data: [514.680399, 0.000000, 326.536112, 0.000000, 513.981268, 228.150131, 0.000000, 0.000000, 1.000000]
distortion_model: plumb_bob
distortion_coefficients:
  rows: 1
  cols: 5
  data: [0.202862, -0.357517, -0.002827, -0.000369, 0.000000]
rectification_matrix:
  rows: 3
  cols: 3
  data: [1.000000, 0.000000, 0.000000, 0.000000, 1.000000, 0.000000, 0.000000, 0.000000, 1.000000]
projection_matrix:
  rows: 3
  cols: 4
  data: [527.343506, 0.000000, 326.126091, 0.000000, 0.000000, 527.585266, 226.641763, 0.000000, 0.000000, 0.000000, 1.000000, 0.000000]